Month;#Commits
2021-04;14
2021-05;103
2021-06;21
2021-07;33
2021-08;14
2021-09;37
2021-10;90
2021-11;73
2021-12;20
2022-01;52
2022-02;33
2022-03;12
2022-04;2
2022-05;19
2022-06;13
2022-07;28
2022-08;4
2022-09;18
2022-10;8
2022-11;13
2022-12;8
2023-01;5
2023-02;16
2023-03;24
2023-04;11
2023-05;17
2023-06;21
2023-07;44
2023-08;15
2023-09;6
2023-10;15
2023-11;19
2023-12;22
2024-01;33
2024-02;50
2024-03;41
2024-04;30
2024-05;13
2024-06;4
2024-07;6
2024-08;7
2024-09;18
2024-10;13
2024-11;3
2024-12;2
2025-01;30
2025-02;52
2025-03;27
2025-04;20
2025-05;14
2025-06;11
2025-07;0
2025-08;13
2025-09;25
2025-10;56
2025-11;6
